4.85297052154195
5.340589569160998
5.828208616780046
6.315827664399093
6.8034467120181406
7.291065759637188
7.75546485260771
8.243083900226758
8.730702947845804
9.218321995464853
9.7059410430839
10.193560090702947
10.681179138321996
11.145578231292516
11.609977324263038
12.120816326530612
12.60843537414966
13.096054421768708
13.583673469387755
14.071292517006803
14.55891156462585
15.023310657596372
15.534149659863946
15.998548752834466
16.486167800453515
16.973786848072564
17.46140589569161
17.949024943310658
18.436643990929706
18.92426303854875
19.4118820861678
19.89950113378685
20.387120181405894
20.874739229024943
21.339138321995463
21.826757369614512
22.31437641723356
22.801995464852606
23.289614512471655
23.800453514739228
24.264852607709752
24.752471655328797
25.240090702947846
25.727709750566895
26.21532879818594
26.70294784580499
27.16734693877551
27.678185941043083
28.16580498866213
28.65342403628118
29.141043083900225
29.628662131519274
30.116281179138323
30.603900226757368
31.091519274376417
31.60235827664399
32.08997732426304
32.57759637188209
33.065215419501136
33.55283446712018
34.04045351473923
34.528072562358275
35.015691609977324
35.50331065759637
36.014149659863946
36.501768707482995
36.989387755102044
37.45378684807256
37.964625850340134
38.47546485260771
38.93986394557823
39.450702947845805
39.938321995464854
40.4259410430839
40.89034013605442
41.37795918367347
41.86557823129252
42.32997732426304
42.86403628117914
43.35165532879819
43.86249433106576
44.35011337868481
44.83773242630385
45.3253514739229
45.81297052154195
46.300589569161
46.78820861678005
47.275827664399095
47.763446712018144
48.251065759637186
48.76190476190476
49.24952380952381
49.73714285714286
50.224761904761905
50.712380952380954
51.17678004535147
51.687619047619044
52.17523809523809
52.66285714285714
53.15047619047619
53.661315192743764
54.14893424036281
54.63655328798186
55.12417233560091
55.61179138321995
56.099410430839
56.58702947845805
57.0746485260771
57.56226757369615
58.049886621315196
58.56072562358277
59.025124716553286
59.53596371882086
60.02358276643991
60.51120181405896
60.998820861678006
61.486439909297054
61.99727891156463
62.48489795918368
62.97251700680272
63.46013605442177
63.92453514739229
64.43537414965986
64.92299319727891
65.41061224489796
65.89823129251701
66.40907029478458
66.89668934240363
67.38430839002268
67.87192743764173
68.35954648526076
68.84716553287981
69.33478458049886
69.82240362811791
70.31002267573696
70.82086167800453
71.30848072562358
71.79609977324263
72.28371882086168
72.77133786848073
73.25895691609978
73.74657596371883
74.2574149659864
74.72181405895692
75.2326530612245
75.72027210884353
76.20789115646258
76.69551020408163
77.18312925170068
77.67074829931973
78.15836734693877
78.64598639455782
79.1568253968254
79.64444444444445
80.1320634920635
80.61968253968254
81.10730158730159
81.59492063492064
82.08253968253969
82.59337868480726
83.0809977324263
83.56861678004535
84.0562358276644
84.54385487528344
85.03147392290249
85.51909297052154
86.00671201814059
86.51755102040816
87.00517006802721
87.49278911564626
87.98040816326531
88.46802721088436
88.9556462585034
89.44326530612246
89.93088435374149
90.44172335600906
90.92934240362811
91.41696145124716
91.88136054421769
92.39219954648526
92.87981859410431
93.36743764172336
93.8550566893424
94.34267573696145
94.8302947845805
95.31791383219955
95.8055328798186
96.29315192743765
96.80399092970522
97.29160997732426
97.7792290249433
98.26684807256235
98.7544671201814
99.24208616780045
99.7297052154195
100.21732426303855
100.72816326530612
101.21578231292517
101.70340136054422
102.19102040816327
102.67863945578232
103.16625850340137
103.65387755102041
104.16471655328799
104.65233560090702
105.13995464852607
105.62757369614512
106.11519274376417
106.60281179138322
107.09043083900227
107.57804988662132
108.06566893424036
108.57650793650794
109.06412698412699
109.55174603174603
110.03936507936508
110.52698412698413
111.01460317460318
111.50222222222222
111.98984126984126
112.50068027210884
112.98829931972789
113.47591836734694
113.96353741496598
114.45115646258503
114.93877551020408
115.42639455782313
115.91401360544218
116.42485260770975
116.9124716553288
117.40009070294785
117.8877097505669
118.37532879818595
118.86294784580498
119.35056689342403
119.83818594104308
120.32580498866213
120.81342403628118
121.30104308390023
121.8118820861678
122.29950113378685
122.7871201814059
123.27473922902495
123.762358276644
124.24997732426304
124.73759637188209
125.22521541950114
125.71283446712017
126.22367346938775
126.7112925170068
127.19891156462585
127.6865306122449
128.17414965986396
128.661768707483
129.14938775510205
129.6370068027211
130.14784580498866
130.6354648526077
131.12308390022676
131.6107029478458
132.09832199546486
132.5859410430839
133.05034013605442
133.561179138322
134.04879818594105
134.5364172335601
135.0008163265306
135.46521541950113
135.92961451247166
136.39401360544218
136.97451247165532
137.4853514739229
137.97297052154195
138.460589569161
138.94820861678005
139.43582766439908
139.94666666666666
140.43428571428572
140.92190476190476
141.40952380952382
141.89714285714285
142.38476190476192
142.87238095238095
143.36
143.8708390022676
144.35845804988662
144.84607709750566
145.33369614512472
145.82131519274375
146.30893424036282
146.79655328798185
147.2841723356009
147.77179138321995
148.28263038548752
148.74702947845805
149.25786848072562
149.74548752834468
150.23310657596372
150.72072562358278
151.20834467120181
151.67274376417234
152.16036281179137
152.67120181405895
153.18204081632652
153.66965986394558
154.15727891156462
154.64489795918368
155.13251700680271
155.62013605442178
156.1077551020408
156.59537414965988
157.10621315192745
157.59383219954648
158.08145124716555
158.56907029478458
159.05668934240362
159.54430839002268
160.0319274376417
160.51954648526078
160.9839455782313
161.49478458049887
161.9824036281179
162.49324263038548
162.98086167800454
163.46848072562358
163.95609977324264
164.44371882086168
164.93133786848074
165.41895691609977
165.9065759637188
166.41741496598638
166.90503401360544
167.39265306122448
167.88027210884354
168.36789115646258
168.85551020408164
169.34312925170067
169.83074829931974
170.31836734693877
170.80598639455783
171.3168253968254
171.80444444444444
172.2920634920635
172.77968253968254
173.26730158730157
173.75492063492064
174.2657596371882
174.75337868480725
175.2409977324263
175.72861678004534
176.2162358276644
176.70385487528344
177.1914739229025
177.67909297052154
178.1667120181406
178.65433106575964
179.1651700680272
179.65278911564627
180.1404081632653
180.62802721088434
181.1156462585034
181.60326530612244
182.0908843537415
182.57850340136054
183.0893424036281
183.57696145124717
184.0645804988662
184.55219954648527
185.0398185941043
185.52743764172337
186.0150566893424
186.50267573696146
186.9902947845805
187.50113378684807
187.9655328798186
188.47637188208617
188.9639909297052
189.45160997732427
189.9392290249433
190.42684807256236
190.9144671201814
191.40208616780046
191.8897052154195
192.40054421768707
192.88816326530613
193.37578231292517
193.86340136054423
194.35102040816327
194.8386394557823
195.32625850340136
195.8138775510204
196.32471655328797
196.81233560090703
197.29995464852607
197.78757369614513
198.27519274376417
198.76281179138323
199.25043083900226
199.73804988662133
200.22566893424036
200.71328798185942
201.20090702947846
201.6885260770975
202.17614512471656
202.6637641723356
203.15138321995465
203.6390022675737
204.14984126984126
204.66068027210883
205.1715192743764
205.68235827664398
206.19319727891155
206.70403628117913
207.1916553287982
207.67927437641723
208.14367346938775
208.6312925170068
209.11891156462585
209.6065306122449
